
______________
Example 1:
True: 
(([0., 0., 1.]), ([1., 0., 0.]))

Predicted: 
[[1.7013258e-03 2.5361374e-02 9.7293729e-01]
 [9.9942636e-01 3.5229864e-04 2.2141797e-04]]

Loss: 0.00137898640241


______________
Example 2:
True: 
(([1., 0., 0.]), ([0., 0., 1.]))

Predicted: 
[[9.9077541e-01 9.1783609e-03 4.6228630e-05]
 [2.7673526e-04 1.8059772e-04 9.9954271e-01]]

Loss: 0.000169655875652


______________
Example 3:
True: 
(([0.        , 0.68703605, 0.31296395]), ([0.85022043, 0.        , 0.14977957]))

Predicted: 
[[0.0176298  0.585379   0.39699116]
 [0.606307   0.04418183 0.34951118]]

Loss: 0.119044043124


______________
Example 4:
True: 
(([0., 0., 1.]), ([1., 0., 0.]))

Predicted: 
[[7.2535686e-04 3.1150447e-03 9.9615955e-01]
 [9.9988997e-01 2.9608429e-05 8.0509235e-05]]

Loss: 2.49981403613e-05


______________
Example 5:
True: 
(([0., 0., 1.]), ([0., 0., 1.]))

Predicted: 
[[6.3663591e-03 2.1897463e-02 9.7173619e-01]
 [5.3258019e-04 2.9264993e-04 9.9917477e-01]]

Loss: 0.00131992239039


______________
Example 6:
True: 
(([1., 0., 0.]), ([1., 0., 0.]))
(([0., 0., 1.]), ([0., 1., 0.]))
(([0.88334982, 0.11665018, 0.        ]), ([0.57344451, 0.42655549, 0.        ]))

Predicted: 
[[9.9845338e-01 1.4297853e-03 1.1683760e-04]
 [9.9485648e-01 5.0986996e-03 4.4835189e-05]]

Loss: 5.69045514567e-05


______________
Example 7:
True: 
(([0.        , 0.17181612, 0.82818388]), ([0.1800755, 0.8199245, 0.       ]))

Predicted: 
[[0.03942639 0.07017118 0.89040244]
 [0.08682501 0.80559134 0.10758365]]

Loss: 0.0362326167524


______________
Example 8:
True: 
(([0., 0., 1.]), ([0., 0., 1.]))

Predicted: 
[[2.2065521e-03 1.3887500e-03 9.9640477e-01]
 [6.8746117e-04 1.4017804e-02 9.8529470e-01]]

Loss: 0.00043294049101


______________
Example 9:
True: 
(([0., 1., 0.]), ([0., 1., 0.]))

Predicted: 
[[2.5166746e-06 9.9998224e-01 1.5317068e-05]
 [3.4403391e-05 9.9968696e-01 2.7863917e-04]]

Loss: 1.77376108468e-07


______________
Example 10:
True: 
(([1., 0., 0.]), ([0., 1., 0.]))
(([0., 0., 1.]), ([1., 0., 0.]))
(([0.81811227, 0.        , 0.18188773]), ([0.73769597, 0.26230403, 0.        ]))
(([0.        , 0.32597569, 0.67402431]), ([0.9428784, 0.       , 0.0571216]))
(([0.24106912, 0.3229371 , 0.43599378]), ([0.73951084, 0.24926715, 0.01122201]))

Predicted: 
[[9.9987364e-01 1.2636795e-05 1.1366079e-04]
 [2.5731167e-03 9.9718165e-01 2.4520993e-04]]

Loss: 1.46531783685e-05


______________
Example 11:
True: 
(([1., 0., 0.]), ([0., 1., 0.]))
(([0., 1., 0.]), ([1., 0., 0.]))
(([0.36982748, 0.63017252, 0.        ]), ([0.3925752, 0.6074248, 0.       ]))

Predicted: 
[[3.8891269e-03 9.9611086e-01 2.6871502e-08]
 [9.9981028e-01 1.8975667e-04 1.9006707e-08]]

Loss: 3.032274617e-05


______________
Example 12:
True: 
(([0.86472582, 0.13527418, 0.        ]), ([0.2209362, 0.7790638, 0.       ]))

Predicted: 
[[0.4642935  0.13607475 0.39963177]
 [0.23389556 0.74469    0.02141445]]

Loss: 0.321860313416


______________
Example 13:
True: 
(([0.        , 0.24349104, 0.75650896]), ([0.        , 0.06615853, 0.93384147]))

Predicted: 
[[0.04665434 0.57421297 0.37913266]
 [0.11374156 0.12194861 0.7643099 ]]

Loss: 0.298757106066


______________
Example 14:
True: 
(([0.        , 0.89706148, 0.10293852]), ([0.        , 0.74919555, 0.25080445]))

Predicted: 
[[0.03911852 0.88892084 0.07196066]
 [0.03206686 0.66230917 0.30562398]]

Loss: 0.0141388680786


______________
Example 15:
True: 
(([0.        , 0.98518728, 0.01481272]), ([0.10086658, 0.        , 0.89913342]))

Predicted: 
[[0.00608847 0.9642158  0.0296958 ]
 [0.0186273  0.00199122 0.9793815 ]]

Loss: 0.0139053948224


______________
Example 16:
True: 
(([1., 0., 0.]), ([0., 1., 0.]))
(([0., 0., 1.]), ([0., 0., 1.]))
(([0.55757065, 0.        , 0.44242935]), ([0.        , 0.14492542, 0.85507458]))

Predicted: 
[[9.9999809e-01 3.0193505e-07 1.5626265e-06]
 [1.1944296e-07 9.9999130e-01 8.5594193e-06]]

Loss: 1.55178508932e-10


______________
Example 17:
True: 
(([1., 0., 0.]), ([1., 0., 0.]))

Predicted: 
[[1.0000000e+00 3.8232373e-10 6.3586549e-12]
 [9.9999976e-01 1.8607494e-07 5.2665847e-08]]

Loss: 9.42411432095e-14


______________
Example 18:
True: 
(([0.28473162, 0.58034856, 0.13491982]), ([0.16707636, 0.14518218, 0.68774146]))

Predicted: 
[[0.28023666 0.7090803  0.0106831 ]
 [0.07690623 0.02062768 0.90246606]]

Loss: 0.10177795589


______________
Example 19:
True: 
(([0., 0., 1.]), ([1., 0., 0.]))

Predicted: 
[[8.1833621e-04 3.0413738e-03 9.9614030e-01]
 [9.9907470e-01 8.4179796e-05 8.4111426e-04]]

Loss: 2.63876481768e-05


______________
Example 20:
True: 
(([1., 0., 0.]), ([0., 0., 1.]))

Predicted: 
[[9.9999440e-01 5.5889304e-06 2.7026027e-11]
 [3.7971120e-07 1.9426116e-08 9.9999964e-01]]

Loss: 6.29003724106e-11

