
______________
Example 1:
True: 
(([0., 1., 0.]), ([0., 1., 0.]))
(([0.8005, 0.    , 0.1995]), ([0.3193, 0.    , 0.6807]))
(([0.7035, 0.0857, 0.2108]), ([0.1536, 0.4152, 0.4312]))

Predicted: 
[[[0.3335 0.3333 0.3332]
  [0.3332 0.3336 0.3333]]]

Loss: 0.132720962167


______________
Example 2:
True: 
(([0., 0., 1.]), ([1., 0., 0.]))

Predicted: 
[[[0.3334 0.3333 0.3333]
  [0.3332 0.3335 0.3333]]]

Loss: 0.222308695316


______________
Example 3:
True: 
(([0., 1., 0.]), ([1., 0., 0.]))

Predicted: 
[[[0.3335 0.3333 0.3332]
  [0.3332 0.3335 0.3333]]]

Loss: 0.222254633904


______________
Example 4:
True: 
(([1., 0., 0.]), ([0., 1., 0.]))

Predicted: 
[[[0.3334 0.3333 0.3332]
  [0.3332 0.3335 0.3333]]]

Loss: 0.222084507346


______________
Example 5:
True: 
(([0., 1., 0.]), ([1., 0., 0.]))

Predicted: 
[[[0.3334 0.3334 0.3332]
  [0.3332 0.3335 0.3333]]]

Loss: 0.222196787596


______________
Example 6:
True: 
(([1., 0., 0.]), ([1., 0., 0.]))

Predicted: 
[[[0.3334 0.3334 0.3333]
  [0.3332 0.3335 0.3333]]]

Loss: 0.222270816565


______________
Example 7:
True: 
(([0., 1., 0.]), ([1., 0., 0.]))

Predicted: 
[[[0.3334 0.3334 0.3332]
  [0.3333 0.3335 0.3333]]]

Loss: 0.222200244665


______________
Example 8:
True: 
(([0., 1., 0.]), ([1., 0., 0.]))

Predicted: 
[[[0.3335 0.3333 0.3332]
  [0.3332 0.3336 0.3333]]]

Loss: 0.222217768431


______________
Example 9:
True: 
(([0., 0., 1.]), ([0., 0., 1.]))

Predicted: 
[[[0.3334 0.3333 0.3332]
  [0.3332 0.3335 0.3333]]]

Loss: 0.222315236926


______________
Example 10:
True: 
(([0., 1., 0.]), ([0., 0., 1.]))
(([0., 0., 1.]), ([0., 1., 0.]))
(([0.    , 0.3915, 0.6085]), ([0.    , 0.2845, 0.7155]))

Predicted: 
[[[0.3334 0.3334 0.3332]
  [0.3332 0.3335 0.3333]]]

Loss: 0.148585379124


______________
Example 11:
True: 
(([1., 0., 0.]), ([0., 0., 1.]))
(([0., 1., 0.]), ([0., 1., 0.]))
(([0.5759, 0.4241, 0.    ]), ([0.    , 0.3176, 0.6824]))

Predicted: 
[[[0.3335 0.3333 0.3331]
  [0.3332 0.3336 0.3333]]]

Loss: 0.145230352879


______________
Example 12:
True: 
(([1., 0., 0.]), ([0., 0., 1.]))
(([0., 1., 0.]), ([0., 1., 0.]))
(([0.6624, 0.3376, 0.    ]), ([0.   , 0.781, 0.219]))

Predicted: 
[[[0.3334 0.3334 0.3332]
  [0.3332 0.3335 0.3333]]]

Loss: 0.156347185373


______________
Example 13:
True: 
(([0., 0., 1.]), ([0., 0., 1.]))

Predicted: 
[[[0.3334 0.3334 0.3332]
  [0.3332 0.3335 0.3333]]]

Loss: 0.222339868546


______________
Example 14:
True: 
(([0., 1., 0.]), ([0., 0., 1.]))

Predicted: 
[[[0.3334 0.3334 0.3332]
  [0.3332 0.3335 0.3332]]]

Loss: 0.222226694226


______________
Example 15:
True: 
(([0.   , 0.463, 0.537]), ([0.3979, 0.6021, 0.    ]))

Predicted: 
[[[0.3334 0.3334 0.3332]
  [0.3332 0.3335 0.3333]]]

Loss: 0.0595067366958


______________
Example 16:
True: 
(([0.    , 0.2554, 0.7446]), ([0.    , 0.2351, 0.7649]))

Predicted: 
[[[0.3334 0.3334 0.3332]
  [0.3332 0.3336 0.3332]]]

Loss: 0.098933622241


______________
Example 17:
True: 
(([0.    , 0.3021, 0.6979]), ([0.3584, 0.6416, 0.    ]))

Predicted: 
[[[0.3334 0.3334 0.3332]
  [0.3332 0.3335 0.3333]]]

Loss: 0.0753055140376


______________
Example 18:
True: 
(([0., 1., 0.]), ([0., 0., 1.]))

Predicted: 
[[[0.3334 0.3334 0.3332]
  [0.3332 0.3335 0.3333]]]

Loss: 0.22221621871


______________
Example 19:
True: 
(([0.    , 0.1306, 0.8694]), ([0.0894, 0.9106, 0.    ]))

Predicted: 
[[[0.3334 0.3334 0.3332]
  [0.3332 0.3335 0.3333]]]

Loss: 0.157242715359


______________
Example 20:
True: 
(([0., 1., 0.]), ([0., 0., 1.]))
(([0., 0., 1.]), ([0., 1., 0.]))
(([0.9248, 0.0752, 0.    ]), ([0.5502, 0.    , 0.4498]))
(([0.    , 0.6315, 0.3685]), ([0.    , 0.5212, 0.4788]))
(([0.724 , 0.1352, 0.1409]), ([0.5431, 0.0182, 0.4386]))

Predicted: 
[[[0.3334 0.3333 0.3332]
  [0.3332 0.3335 0.3333]]]

Loss: 0.141836106777

